0.000000000000000000e+00
0.000000000000000000e+00
0.000000000000000000e+00
0.000000000000000000e+00
0.000000000000000000e+00
0.000000000000000000e+00
0.000000000000000000e+00
0.000000000000000000e+00
0.000000000000000000e+00
0.000000000000000000e+00
0.000000000000000000e+00
2.048142263227925142e+01
9.687768930254630106e+01
1.843213898709397256e+02
2.801705807251754550e+02
3.923904360583137532e+02
5.090576805370983493e+02
6.284301800105993152e+02
8.657562717456262362e+02
1.132412774982475639e+03
1.411444896715435561e+03
1.734310332665920441e+03
2.059630225134208558e+03
2.424103986864950912e+03
2.973124975631441885e+03
3.484065542162025395e+03
4.011046011897886729e+03
4.631452091133662179e+03
5.212953821219236488e+03
5.770336240942689983e+03
6.419586880432489124e+03
7.026868647552955736e+03
7.580630487703875588e+03
8.041507765396829200e+03
8.392966879555433479e+03
8.597151260187976732e+03
8.712060527952511620e+03
8.740010273178853822e+03
8.657899937197582403e+03
8.487268994935928276e+03
8.251080261990528015e+03
7.974778935300389094e+03
7.738631875493904772e+03
7.563247220427149841e+03
7.477137904308382531e+03
7.495431152434312025e+03
7.591869769740487754e+03
7.783145701086414192e+03
8.063555652147494584e+03
8.471148395136026011e+03
8.852220753345856792e+03
9.225071483692996480e+03
9.537850958074182927e+03
9.914368175131228782e+03
1.007706024358921422e+04
9.838156067273012013e+03
9.201760098465076226e+03
8.246434898891660850e+03
7.053258089643369203e+03
5.739267086585222387e+03
4.474548991550044775e+03
3.185104360182650908e+03
1.994254663645211849e+03
1.439133639028035759e+03
1.217945110121740981e+03
9.707306306355646939e+02
7.639421224440239939e+02
7.285266286916420313e+02
6.974174608098353474e+02
6.757672709171437191e+02
6.659443264876999820e+02
6.744139397512000187e+02
7.165282495923123633e+02
7.643681396662699399e+02
8.241734644284478009e+02
8.990765609670443155e+02
1.011639569250075851e+03
1.125596901374719437e+03
1.235237542593699118e+03
1.317161796096311718e+03
1.371361200272935093e+03
1.378443049022478590e+03
1.348284656267672744e+03
1.272216725288300722e+03
1.153337747125673332e+03
9.885566856295040452e+02
8.147594132447328548e+02
7.042252119462177689e+02
5.929341165583746260e+02
4.803350549140650401e+02
3.596928260741878489e+02
2.323765607060271066e+02
9.739969794692309790e+01
0.000000000000000000e+00
0.000000000000000000e+00
0.000000000000000000e+00
0.000000000000000000e+00
0.000000000000000000e+00
0.000000000000000000e+00
0.000000000000000000e+00
0.000000000000000000e+00
0.000000000000000000e+00
0.000000000000000000e+00
0.000000000000000000e+00
0.000000000000000000e+00
0.000000000000000000e+00
0.000000000000000000e+00
0.000000000000000000e+00
2.470987368570554281e+02
5.422929276028096410e+02
8.171205352074156281e+02
1.132362620554873729e+03
1.469481273496493486e+03
1.771693210999310168e+03
2.033843521701314103e+03
2.237896252084351090e+03
2.485837182397611286e+03
2.694768327363026856e+03
2.871763498504938980e+03
2.988241913177047081e+03
3.083016428108252512e+03
3.158576405092746427e+03
3.342827205369023886e+03
3.675955877725971732e+03
4.336002934425492640e+03
5.686669848936721792e+03
7.911426360811251470e+03
1.006923678403286794e+04
1.190477010796764262e+04
1.350328451015805331e+04
1.493028079870927832e+04
1.618917515418018229e+04
1.738706601001797753e+04
1.860951439440911417e+04
1.962725184396376790e+04
2.074748753149261393e+04
2.201898825171128919e+04
2.297277074941124010e+04
2.363002751110483587e+04
2.399288479518932945e+04
2.396086694685690600e+04
2.344924236341894721e+04
2.251523716002359652e+04
2.112632832644312657e+04
1.928393337185711789e+04
1.743127296707611094e+04
1.557668018556696188e+04
1.386241175540464064e+04
1.269565866223230660e+04
1.183371307239650923e+04
1.129369221975564324e+04
1.088539118776366195e+04
1.100603568466598881e+04
1.203944218668133544e+04
1.337793592035051006e+04
1.429094023341296634e+04
1.482695880317985575e+04
1.582262294419641330e+04
1.745845688830204017e+04
1.886467676283646506e+04
1.933580100828916329e+04
1.901281723024833263e+04
1.769561041768754512e+04
1.573799326111368646e+04
1.327996603554078865e+04
1.027039723157660592e+04
7.221623675123501926e+03
4.632366455821868840e+03
3.674091296064718335e+03
3.010555501328890387e+03
2.419261459327553894e+03
4.847830720415054770e+02
0.000000000000000000e+00
0.000000000000000000e+00
0.000000000000000000e+00
0.000000000000000000e+00
4.951271723972213863e+02
2.921042782489949786e+03
3.897961676486212127e+03
3.568562184205020912e+03
2.421521013452012994e+03
8.639159024157830800e+02
0.000000000000000000e+00
0.000000000000000000e+00
0.000000000000000000e+00
0.000000000000000000e+00
0.000000000000000000e+00
2.548181833997141439e+03
7.892874279195201780e+03
1.135078490156679800e+04
1.199903891165271671e+04
9.624966783101648616e+03
5.094894992655889837e+03
7.660064055077805278e+02
2.297335467421534361e+02
3.479656359151136712e+03
6.635893009173581959e+03
7.140326880848456312e+03
4.389560416617043302e+03
0.000000000000000000e+00
0.000000000000000000e+00
4.108859028172475519e+03
1.097907655589314527e+04
1.565168504545841824e+04
1.625564291296983538e+04
1.225623942048154277e+04
4.481579524070173647e+03
0.000000000000000000e+00
0.000000000000000000e+00
4.688242604830739765e+03
1.149413814847934009e+04
1.441636127157291230e+04
1.290700378848978471e+04
7.666056415099682454e+03
8.996964649105705121e+02
0.000000000000000000e+00
2.020859557400705398e+03
7.755239498880370775e+03
1.126781626217022858e+04
1.156124297530178592e+04
9.028294744112949047e+03
5.194615747908100275e+03
2.534965968218452872e+03
2.964930739866765180e+03
5.349020985956371987e+03
7.364227513946380896e+03
7.880746222674811179e+03
7.061831048553733126e+03
5.955400416413804123e+03
5.733374408014381515e+03
6.671917554874326925e+03
7.878528439361901292e+03
8.212076526943976205e+03
6.997207901734123880e+03
4.232838595850518686e+03
4.822496035796166893e+02
0.000000000000000000e+00
0.000000000000000000e+00
0.000000000000000000e+00
0.000000000000000000e+00
0.000000000000000000e+00
0.000000000000000000e+00
0.000000000000000000e+00
0.000000000000000000e+00
0.000000000000000000e+00
0.000000000000000000e+00
0.000000000000000000e+00
0.000000000000000000e+00
0.000000000000000000e+00
0.000000000000000000e+00
2.791567703805364431e+02
1.303945898230738749e+03
1.932449403297067192e+03
1.761476487525048924e+03
6.437277052820347762e+02
0.000000000000000000e+00
9.244604123485405012e+01
2.786711219821435179e+02
5.416053446216137672e+02
4.166158115184318376e+03
7.548522104393658992e+03
9.597544398616499166e+03
9.656506801536077546e+03
7.708064802332279214e+03
4.857921956875865362e+03
2.594053920125653349e+03
2.748355576010929781e+03
5.145046228221040110e+03
7.689146675227932064e+03
8.592042496054889853e+03
7.035641093183251542e+03
3.206561788091785729e+03
0.000000000000000000e+00
0.000000000000000000e+00
0.000000000000000000e+00
0.000000000000000000e+00
5.804449508407778922e+02
0.000000000000000000e+00
0.000000000000000000e+00
0.000000000000000000e+00
6.288633491788241159e+00
1.230098554228597578e+02
2.920771533437090284e+02
2.759498010576021443e+03
2.501008258059911441e+03
1.286558528917225203e+03
1.737202147420220626e+03
2.196316174479139136e+03
2.622651602765620282e+03
6.180268162366373872e+03
1.175984860841993213e+04
1.483974154799228563e+04
1.532851373711116685e+04
1.325622708577351659e+04
9.578695973312676870e+03
6.185123097887191761e+03
5.326033764849499676e+03
8.024481935317287025e+03
1.151396614709561618e+04
1.361041752003129659e+04
1.324586076332006087e+04
1.030729653364376827e+04
6.507287550962885689e+03
2.195943079784619385e+03
8.642482514146523727e+02
2.545688884909196474e+02
0.000000000000000000e+00
0.000000000000000000e+00
2.964165804640152047e+01
0.000000000000000000e+00
0.000000000000000000e+00
0.000000000000000000e+00
0.000000000000000000e+00
0.000000000000000000e+00
0.000000000000000000e+00
1.847943086237885154e+03
3.008840952823897169e+03
2.978700146405833493e+03
1.607607497467547319e+03
0.000000000000000000e+00
0.000000000000000000e+00
0.000000000000000000e+00
0.000000000000000000e+00
0.000000000000000000e+00
0.000000000000000000e+00
0.000000000000000000e+00
0.000000000000000000e+00
0.000000000000000000e+00
0.000000000000000000e+00
0.000000000000000000e+00
0.000000000000000000e+00
0.000000000000000000e+00
0.000000000000000000e+00
0.000000000000000000e+00
0.000000000000000000e+00
0.000000000000000000e+00
0.000000000000000000e+00
0.000000000000000000e+00
1.342028810336883815e+01
1.362287939803188976e+02
2.579737801897063605e+02
5.024413826966673469e+02
7.897825449223504393e+02
1.204800904288729271e+03
1.742683787814957213e+03
2.204656218305528455e+03
2.561352211316338526e+03
2.811451104415406917e+03
2.964912335435628847e+03
2.981193814428179394e+03
2.855337006699613084e+03
2.573271500764868051e+03
2.165362205031259236e+03
1.608029794649691439e+03
1.068437270455908902e+03
7.271850502910763225e+02
3.447405909127186874e+02
1.051945859323078452e+02
0.000000000000000000e+00
0.000000000000000000e+00
0.000000000000000000e+00
0.000000000000000000e+00
0.000000000000000000e+00
0.000000000000000000e+00
0.000000000000000000e+00
0.000000000000000000e+00
1.170394976718221045e+02
2.548838372797478087e+02
3.873154799498445868e+02
5.147167053144091824e+02
6.306242418423146319e+02
7.223973314411728097e+02
7.926335654340649626e+02
8.348795478506378913e+02
8.441617840159177604e+02
8.280813855705456490e+02
8.017485703637820507e+02
7.628138574777494796e+02
7.166822110214196755e+02
6.504169712945185893e+02
5.637785984173103770e+02
4.624491771701800076e+02
3.501198090758146009e+02
2.283223841783159287e+02
1.010053763569394647e+02
0.000000000000000000e+00
0.000000000000000000e+00
0.000000000000000000e+00
0.000000000000000000e+00
0.000000000000000000e+00
0.000000000000000000e+00
0.000000000000000000e+00
1.041802743119202290e+02
2.356918814653137701e+02
3.600180355561358283e+02
4.750628282427306317e+02
6.813794249946382706e+02
2.434295673252810502e+03
5.571321624846143095e+03
9.121657712931726564e+03
1.332001150263528325e+04
1.843554069632824030e+04
2.620609021267828939e+04
3.475045624529941415e+04
4.818886902809608000e+04
5.912812231500431517e+04
6.604852712164058175e+04
6.801120781971649558e+04
6.479029935528411443e+04
5.684775224462000915e+04
4.572325626031246065e+04
3.409526294318186410e+04
2.426431766460269864e+04
1.862427768086199285e+04
1.768550354411024091e+04
1.651520955217533992e+04
1.283122881694530952e+04
7.709272560628310202e+03
1.857372439708531147e+03
0.000000000000000000e+00
0.000000000000000000e+00
0.000000000000000000e+00
3.845109327547167595e+03
5.747785973193467726e+03
5.018463214276473991e+03
2.104704557142812973e+03
1.394153994224378266e+03
2.782036020819169607e+03
4.817751847268025813e+03
8.023918698727918127e+03
1.427403118410297611e+04
1.801958748031200957e+04
1.936753916254117939e+04
2.138036753286746898e+04
2.260927251095580868e+04
2.412394231645361651e+04
2.791249603406789538e+04
3.270269370694085592e+04
3.634444920253782766e+04
3.722532978150327835e+04
3.391938230101673253e+04
2.744026922408756582e+04
1.999626031656097621e+04
1.275604074818856679e+04
5.703124882710879319e+03
0.000000000000000000e+00
1.384893817921283414e+02
5.007755722354988393e+03
1.045346655578255013e+04
1.439021447872501267e+04
1.630781476074687816e+04
1.622777913858257853e+04
1.454108212710021326e+04
1.156789019738257593e+04
8.048761271541153292e+03
6.187685349388789291e+03
8.591489370915625841e+03
1.485152617174309125e+04
2.267164299644999483e+04
2.729958024552142888e+04
2.772100665310821933e+04
2.523969414097519257e+04
2.039193713089743687e+04
1.586711424311983501e+04
1.533942878320093951e+04
1.880774547772474762e+04
2.229169387621100032e+04
2.257617190686436879e+04
1.843824061703623011e+04
1.098000291636020484e+04
4.964054712399623895e+03
7.946250964337773439e+03
1.670159190038213637e+04
2.406980245278870643e+04
2.674686412106871649e+04
2.373784307058223203e+04
1.586128039847602304e+04
6.464930592228003661e+03
2.511914697919933133e+03
8.405329254399328420e+03
1.534427941533981357e+04
1.803390307790939914e+04
1.515709263007162008e+04
7.787458640875086530e+03
9.634814495674436330e+02
3.973220681124694238e+03
1.354318753122780799e+04
2.183676787624009012e+04
2.572872867843080166e+04
2.418658643084363575e+04
1.766384210072604037e+04
7.794939507612985835e+03
0.000000000000000000e+00
0.000000000000000000e+00
1.946759329986228522e+03
6.602251028618275086e+03
7.182445502125348867e+03
3.773170893937889105e+03
0.000000000000000000e+00
0.000000000000000000e+00
0.000000000000000000e+00
5.396623772860771169e+03
1.031433171794305417e+04
1.201359974407848858e+04
1.017418858623352025e+04
5.370436518234716459e+03
4.064439474585208245e+01
9.331643372392017355e+00
1.712008511595353752e+02
3.328284641916515056e+02
4.072071276475090599e+03
6.506787267065980814e+03
7.045205264092067409e+03
6.213094185909697444e+03
4.816783170847057590e+03
3.608459409601298830e+03
2.922048549005740369e+03
2.446399351833261335e+03
1.398744685166503359e+03
1.101257852388135234e+03
1.112509859604775102e+03
1.150733658951511643e+03
1.250751510643307938e+03
1.531407341122066100e+03
1.886658284097762362e+03
4.941894116098384984e+03
1.033602239740809819e+04
1.426305308452273675e+04
1.631671721346205413e+04
1.633269807867966665e+04
1.439789337702345074e+04
1.092970715743188885e+04
6.937089279916322084e+03
3.364805148748758256e+03
2.898161754086505880e+03
2.511144773099907525e+03
2.229382657224673949e+03
2.131113674229308799e+03
2.341668058020609806e+03
2.714281715973844712e+03
3.183551226578757451e+03
3.692509146313229394e+03
5.131696538536890330e+03
7.844773313859395785e+03
9.694090449638677455e+03
1.066240657576121339e+04
1.075016908653280734e+04
1.002274786155699803e+04
9.478371232336370667e+03
1.031403817625964803e+04
1.121486499713298508e+04
1.259624983388540568e+04
1.416656579006948778e+04
1.594350275713512019e+04
1.768864329937710863e+04
2.134145808328102430e+04
2.493119325331656728e+04
2.842802129974189666e+04
3.124864575585611601e+04
3.311526476712105068e+04
3.433965802377409273e+04
3.488816540347232512e+04
3.495755785293395456e+04
3.481221481865512760e+04
3.461917014962418034e+04
3.429405118926897558e+04
3.409961790900435153e+04
3.381852625374850322e+04
3.313738420585735730e+04
3.236899212072298906e+04
3.123980789504645145e+04
3.039490472641135057e+04
2.952873711181191902e+04
2.840423475536258411e+04
2.693151171689917828e+04
2.518665927917642330e+04
2.318449657806215328e+04
2.130396018450074916e+04
1.964176447972280221e+04
1.866200027388016679e+04
1.810773883393336291e+04
1.790681630982803472e+04
1.794424665900046239e+04
1.861967737192484128e+04
2.007542037487671041e+04
2.201227556132362588e+04
2.462542234711391211e+04
2.846392052342717579e+04
3.329245874785956403e+04
4.011259777008563833e+04
4.772565317022187810e+04
5.606090041387182282e+04
6.506337741466667649e+04
7.472833684194047237e+04
8.488942425963225833e+04
9.539528967992361868e+04
1.053892489545568824e+05
1.143166967991793354e+05
1.218700703786400263e+05
1.276071491300468479e+05
1.315298200311411638e+05
1.333616096177162544e+05
1.332112557145464234e+05
1.316596905223880312e+05
1.298229891659581190e+05
1.289155714694686321e+05
1.318365410294882604e+05
1.373940573090494436e+05
1.436865825612659974e+05
1.503407275931926270e+05
1.570287352486368618e+05
1.670109305534975720e+05
1.800275495358096668e+05
1.921816587296709477e+05
2.021869850125333178e+05
2.088308869037322875e+05
2.117665602580734412e+05
2.115418719148265372e+05
2.094105316781134461e+05
2.074027389152057294e+05
2.082963819967641903e+05
2.135674389452694741e+05
2.204907927661351860e+05
2.263316093563019822e+05
2.305744899549013062e+05
2.340471096777033817e+05
2.375691942518614233e+05
2.407335255326511106e+05
2.413678729251060577e+05
2.369997263109461346e+05
2.249232794782133133e+05
2.045367507125146803e+05
1.773000940461498103e+05
1.468058005263053929e+05
1.213552190710224968e+05
1.119788919684474095e+05
1.130638408537755749e+05
1.104175058861887228e+05
1.014820487271306774e+05
8.740640500057359168e+04
7.156371111874553026e+04
5.877719710523170943e+04
5.326441098798302119e+04
5.145707101712394069e+04
4.695290035960410023e+04
3.721121179868099716e+04
2.421882821690643686e+04
8.280532251662429189e+03
1.891648603916746879e+03
4.353097153735844586e+03
1.421953355246088904e+04
2.009305778870749782e+04
2.038199705650468604e+04
1.595613341661515733e+04
9.056771441960650918e+03
4.767160028027515182e+03
8.647183810479804379e+03
1.584260133771927940e+04
2.039669949130926034e+04
2.007256118908652570e+04
1.499787553517876040e+04
6.855946690411493364e+03
1.647154207728335905e+03
8.396192855073558121e+02
1.267976214086693290e+03
3.862386504005533880e+03
3.663826291152351587e+03
6.478945800630790472e+02
2.476796210721816749e+02
4.131351427869183226e+02
8.746982882327533844e+02
1.403254783088482327e+03
1.749734981743229810e+03
1.875694754703894887e+03
1.788006517671180518e+03
1.566205191087566163e+03
1.263819217590085373e+03
9.255523382106021018e+02
5.947518630772337929e+02
4.072707761568822207e+02
3.318692531538987964e+02
3.052007011085260615e+02
3.182386828332840309e+02
3.471997127535346976e+02
3.977525966556960952e+02
4.477133921753551249e+02
4.771101396909271557e+02
5.022822816821105221e+02
5.151033439006055232e+02
6.684089987408606248e+02
8.977871809603745987e+02
1.173996459706542282e+03
3.579894091198862952e+03
6.453017901247220834e+03
7.612957580659941414e+03
7.328659123093270864e+03
5.924249138170619517e+03
5.282045684572457503e+03
6.542911004637143378e+03
7.777540195252326157e+03
8.981991686349596421e+03
1.096613870573948952e+04
1.307658934103267711e+04
1.477501479360752637e+04
1.616370527718285120e+04
1.753020364087979033e+04
1.968847757961824027e+04
2.224311646243040377e+04
2.378865562311619578e+04
2.362735644278623295e+04
2.160095768123903690e+04
1.842247567802872436e+04
1.466734020511071685e+04
1.102047513297283513e+04
9.575716267218873327e+03
8.402853070540792032e+03
7.061351485291275822e+03
5.446519262316035565e+03
3.582815293730031954e+03
1.743959457230730550e+03
5.079044832610796902e+02
1.390854905444478504e+02
6.535761891593405437e+01
0.000000000000000000e+00
0.000000000000000000e+00
0.000000000000000000e+00
0.000000000000000000e+00
0.000000000000000000e+00
0.000000000000000000e+00
0.000000000000000000e+00
0.000000000000000000e+00
1.484053987747399219e+02
4.261619610041139822e+03
7.595751162685829513e+03
9.296988359299784861e+03
9.548655505754473779e+03
8.574058513262531051e+03
5.628229018452656419e+03
1.131574540858705404e+03
0.000000000000000000e+00
0.000000000000000000e+00
7.022798808180291985e+01
1.734403759799845091e+02
2.383984372097885625e+03
2.781453095164263232e+03
9.654307697399427752e+02
0.000000000000000000e+00
0.000000000000000000e+00
0.000000000000000000e+00
4.144217122324508637e+03
7.923729188395359415e+03
9.753712193048037079e+03
9.038884138727798927e+03
5.875904076405506203e+03
9.400427241053708940e+02
0.000000000000000000e+00
0.000000000000000000e+00
0.000000000000000000e+00
0.000000000000000000e+00
0.000000000000000000e+00
0.000000000000000000e+00
0.000000000000000000e+00
0.000000000000000000e+00
0.000000000000000000e+00
0.000000000000000000e+00
0.000000000000000000e+00
0.000000000000000000e+00
0.000000000000000000e+00
0.000000000000000000e+00
0.000000000000000000e+00
0.000000000000000000e+00
0.000000000000000000e+00
0.000000000000000000e+00
0.000000000000000000e+00
0.000000000000000000e+00
3.549072611571404678e+01
1.382115762554898595e+02
2.559638944049195288e+02
3.738258732622603588e+02
4.706549121849714084e+02
5.383094275267125113e+02
5.689844564063398593e+02
5.482389456759996165e+02
4.813295568082364753e+02
3.687955521223636310e+02
2.353769874276265455e+02
9.921853484016230595e+01
0.000000000000000000e+00
0.000000000000000000e+00
0.000000000000000000e+00
0.000000000000000000e+00
0.000000000000000000e+00
0.000000000000000000e+00
0.000000000000000000e+00
0.000000000000000000e+00
3.789311073017083800e+02
8.781893902944983665e+02
1.398903071256232124e+03
1.909129423617597922e+03
2.399614380928860101e+03
2.877912361885593327e+03
3.485120008453465744e+03
4.611928429441967637e+03
6.131454888099618074e+03
8.121810922721389034e+03
1.258723971727128628e+04
1.898029472657275983e+04
2.955020688192624584e+04
3.850683583435767650e+04
4.533096423810259148e+04
4.895021382577779150e+04
4.903027627344963548e+04
4.567017118616632797e+04
3.970750443901727704e+04
3.284183395261122496e+04
2.776024083692275235e+04
2.611653110719222241e+04
2.652049894803637289e+04
2.602513408257970150e+04
2.307148540377483005e+04
1.760550005481361222e+04
1.162217951776433620e+04
8.945783941846160815e+03
1.039680284042254971e+04
1.418580709715954981e+04
1.711082217807103370e+04
1.769942054443461166e+04
1.493408523049702490e+04
9.836934050419113191e+03
3.027495057307277875e+03
0.000000000000000000e+00
0.000000000000000000e+00
0.000000000000000000e+00
0.000000000000000000e+00
0.000000000000000000e+00
0.000000000000000000e+00
0.000000000000000000e+00
0.000000000000000000e+00
0.000000000000000000e+00
3.833293556440300563e+03
7.199508428382668171e+03
8.386336093003481437e+03
8.239456674053442839e+03
1.041774167858092005e+04
1.995154133597360124e+04
3.585096897850680398e+04
5.105807154544311925e+04
6.272471565255559835e+04
6.875446550318722439e+04
6.803618699228879996e+04
6.055130137878772803e+04
4.743439558421568654e+04
3.110046657458019763e+04
1.773297377452253568e+04
1.337154406747156827e+04
1.512812522875577270e+04
1.663978703881214460e+04
1.477918802114349455e+04
8.743164320609614151e+03
1.837817144205024533e+02
5.524055809055400914e+02
5.464484484167096525e+03
1.761141773044512956e+04
2.539350160187670190e+04
2.656813634694563007e+04
2.340983253977010099e+04
1.453712400908914242e+04
2.137706598204854345e+03
0.000000000000000000e+00
3.712962120483801755e+03
1.369654009035923264e+04
1.881937992927653977e+04
1.784286323193729186e+04
1.120157660753183336e+04
1.257858807504600463e+03
0.000000000000000000e+00
4.996720610915757788e+03
1.407207647292315050e+04
1.887254470967356247e+04
1.805999388610017559e+04
1.211419494804805618e+04
3.612132588031091473e+03
2.453362521915782111e+02
7.401536916376525369e+03
1.602397366637249434e+04
2.073905569530527646e+04
1.971179183794730852e+04
1.439180974654484089e+04
5.904814726975419035e+03
1.407693573598409785e+04
4.064276942605870863e+04
6.715660123880147876e+04
8.574791270594808157e+04
9.208759581854539283e+04
8.454838790158397751e+04
6.453378159803971357e+04
3.583118932372959534e+04
9.243304992592344206e+03
2.491805070117863124e+03
1.351971835547899536e+04
2.436633987519859511e+04
2.633722007520609623e+04
2.035968977883203479e+04
8.316976896771760948e+03
4.086256931366748404e+02
1.529570390874600162e+04
3.371137282927673368e+04
4.611136379978191690e+04
4.848017675568298000e+04
4.046439977260097658e+04
2.664053012050496545e+04
1.224186904764478095e+04
1.241972852245789545e+04
2.556814501237370860e+04
3.628669308296279632e+04
3.870595468474929658e+04
3.150289773931434320e+04
1.658400102511778096e+04
0.000000000000000000e+00
4.514652195754384593e+03
2.052160837378726137e+04
3.085454910513710638e+04
3.209146672860740364e+04
2.375734364329072196e+04
8.339763996242409121e+03
3.584915682950419864e+02
1.065095708180530892e+04
2.696743173113359444e+04
3.626035315733739117e+04
3.629071115467943309e+04
2.724618274221336105e+04
1.161818220856205335e+04
2.749749391001136019e+02
5.127768881159209741e+03
1.932230572027781818e+04
2.813179066890016475e+04
2.995863878087055491e+04
2.505152166679509173e+04
1.696649059985399799e+04
9.532126181376563181e+03
1.083446998363766397e+04
1.601968367177430628e+04
1.845337461597723450e+04
1.603469347168445529e+04
7.650945234270637229e+03
0.000000000000000000e+00
0.000000000000000000e+00
1.217625310900589830e+04
2.603907630439237983e+04
3.285625643589819811e+04
3.114075363730564277e+04
2.480925174290491123e+04
1.238915947893323028e+04
0.000000000000000000e+00
2.764943493041100737e+03
2.726481001385756463e+04
4.719652083723522810e+04
5.797182260407118883e+04
5.710109373643861909e+04
4.443764237159571348e+04
2.492820760534352667e+04
3.894379837975645387e+03
3.073297783724624878e+03
1.698475207958174360e+04
3.321138656662590074e+04
4.051401358199003153e+04
3.759790976541343116e+04
2.471425208451744402e+04
8.808964632239240018e+03
1.414208255697773893e+04
5.032762228083711670e+04
7.988645896683241881e+04
9.609831403801380657e+04
9.633990574089104484e+04
8.228381974085353431e+04
5.918808720759079733e+04
3.760455603648126998e+04
3.072957813704839646e+04
3.577926261984054145e+04
3.811759411261138303e+04
3.227546265882427906e+04
1.735958943394577727e+04
6.366244308265666405e+03
1.319655980507319509e+04
3.752047334696490725e+04
5.444831734927480284e+04
6.129634579716454027e+04
5.520621989040935296e+04
3.921343830064633948e+04
1.960017455697245896e+04
7.769757993741915925e+03
1.302662857063534102e+04
2.682207747965562521e+04
3.968037709770278889e+04
4.796296291909571300e+04
4.796907490688998951e+04
4.128109032004370238e+04
3.401769393363007111e+04
3.177799961085094765e+04
4.173293010261232848e+04
6.196117294321261579e+04
8.221213082274333283e+04
1.005205594781104883e+05
1.158717700656036614e+05
1.279468198575007700e+05
1.368526974548030412e+05
1.433215166004924977e+05
1.485117456729942933e+05
1.543002329708675970e+05
1.615402024647392100e+05
1.690637858835184015e+05
1.746107162413150654e+05
1.755839087993852445e+05
1.709373115173923725e+05
1.619423368742424063e+05
1.533212567966530623e+05
1.601389613009816967e+05
1.819705133647013572e+05
2.049102696379011322e+05
2.229539262004654447e+05
2.334292878197294776e+05
2.362528424846588750e+05
2.334994301686012477e+05
2.297294168493768957e+05
2.316267367328888795e+05
2.418522704209853255e+05
2.559321425573390152e+05
2.673946764090467477e+05
2.739976818801679183e+05
2.755487204539845116e+05
2.819645098521054606e+05
2.963450281686071539e+05
3.289056198711659526e+05
3.590812500465954072e+05
3.830076751841893420e+05
3.979904268596796901e+05
4.029271093700505444e+05
3.978720677935871063e+05
3.838757351217182004e+05
3.629075396454139845e+05
3.368038969728411175e+05
3.087928835001389380e+05
2.821866454680721508e+05
2.592548496295920049e+05
2.420239037727965333e+05
2.271462333308067173e+05
2.099921273041421373e+05
1.899769506918653206e+05
1.785436427608800295e+05
1.784729659208365483e+05
1.875011430798522779e+05
1.971960725015358767e+05
2.033015414433211263e+05
1.994883243423919193e+05
1.835060168864997395e+05
1.573756482927064644e+05
1.262862026659359981e+05
1.001698576725034072e+05
9.254216462080935889e+04
1.043335303489560902e+05
1.158764841105063679e+05
1.168587002937816869e+05
1.113000817221518373e+05
9.916446754660591250e+04
9.079694767233479070e+04
1.105601172467653232e+05
1.480750076085390756e+05
1.854939552728690614e+05
2.123914387446810724e+05
2.263728752871062024e+05
2.316595814808664436e+05
2.385735452451815654e+05
2.568708260193954920e+05
2.820112914276932715e+05
3.018988954934717622e+05
3.028264063829627703e+05
2.817536587762460695e+05
2.419830276853168325e+05
1.952817547596048971e+05
1.734165905953129695e+05
1.905339094250100316e+05
2.127867209355389059e+05
2.210575023879671935e+05
2.181887079338285257e+05
2.065901191434988868e+05
2.025215105257258692e+05
2.242686381228113314e+05
2.532994691601202067e+05
2.689312521324666450e+05
2.603996992592676543e+05
2.262231800979659602e+05
1.755559870757940516e+05
1.198855564038982702e+05
9.064172222862071067e+04
1.044039505830914859e+05
1.183884513986363017e+05
1.219599977649222710e+05
1.035077543655062473e+05
7.170996590328185994e+04
4.713609699073462980e+04
7.795974030832904100e+04
1.247906371478375950e+05
1.565524880300013756e+05
1.660288605131698132e+05
1.522273673493191891e+05
1.222532995996339596e+05
8.981567173019111215e+04
8.997989616715506418e+04
1.196417870536375558e+05
1.442757683166717179e+05
1.511771207998003811e+05
1.381072351005704259e+05
1.095792190568003280e+05
7.709080738749085867e+04
6.115631731050377130e+04
7.555326839586895949e+04
9.582731336137796461e+04
1.054225710021441482e+05
1.001749798838722927e+05
8.582929661681788275e+04
6.762159884699447139e+04
7.371392491369575146e+04
1.057234457004700816e+05
1.323091549509220349e+05
1.463540188747778302e+05
1.430224195955847390e+05
1.221543597706906294e+05
8.786943837154880748e+04
4.788754406590237340e+04
2.385544489997076744e+04
3.967077233067268389e+04
6.066843375944478612e+04
6.960410492696025176e+04
6.181527511173265520e+04
3.907930148290975922e+04
1.526162021411554633e+04
3.317153992921417375e+04
7.040441113427517121e+04
9.954220336829734151e+04
1.114339730559975869e+05
1.021638538206945523e+05
7.468742503297772782e+04
3.736529398580820998e+04
7.897123206693992870e+03
1.993735919841923896e+04
4.119761215490950417e+04
5.274119778878355282e+04
5.216308032332118455e+04
4.149520635497722105e+04
2.664600054562087826e+04
2.040651847019887646e+04
2.995299305775649555e+04
4.408242305246632895e+04
5.115742358533399238e+04
4.679988414041398937e+04
3.347581483694333292e+04
1.696135855235516283e+04
1.054609604862450033e+04
1.960931261498262029e+04
3.027506928214497748e+04
3.515831030454112624e+04
3.329282420851493225e+04
2.765469537700341971e+04
2.479184966467818595e+04
2.703318782049025685e+04
3.198396813557718269e+04
3.405775211822600977e+04
2.969612660206914370e+04
1.819581654904225070e+04
1.751889342818424893e+03
0.000000000000000000e+00
4.847100162007906874e+03
1.691537299535091734e+04
2.393497454453965474e+04
2.521908719291935267e+04
2.138665036695395247e+04
1.408827302348517151e+04
7.160112362779472278e+03
4.307552851853609354e+03
6.284046800318389614e+03
8.879429908360685658e+03
9.614057131658253638e+03
8.600799925277064176e+03
7.119876609281966921e+03
5.626940655686141326e+03
6.574239062598313467e+03
8.175400483660894679e+03
9.464765502039994317e+03
1.034025643564275015e+04
1.119004243470610345e+04
1.186745454432685619e+04
1.157436386521399436e+04
9.331713374071328872e+03
4.773838138896107921e+03
5.077140439277822225e+03
5.946075984567383784e+03
8.191847826292524587e+03
1.702543498416315197e+04
2.340475047009480841e+04
2.577378360429350141e+04
2.357909726567261896e+04
1.758180879693950192e+04
1.018886015728218990e+04
3.564691712884255594e+03
1.280518153541542461e+03
3.654066878178527077e+03
6.669216218842067974e+03
7.787046835695869049e+03
6.603274513184574062e+03
4.260245745728127076e+03
3.121134189420626171e+03
5.009902948813365583e+03
8.790406239064292095e+03
1.218074492942320830e+04
1.380090025336228973e+04
1.319009642499321490e+04
1.066303593287304284e+04
7.580350937131995124e+03
5.405447886344845756e+03
5.132756970165822167e+03
6.015735461937001674e+03
6.519342775455689662e+03
5.712998245425652385e+03
3.494469956295908105e+03
5.721510425408233687e+02
4.339310748145796310e+02
4.446436054098582531e+02
8.646274065403736131e+02
1.910500472868534189e+03
4.152920751693011880e+03
5.021591021069742965e+03
4.315144601738901656e+03
2.394013497130302312e+03
2.107321984444287409e+03
2.355196218954641154e+03
2.809011072905109359e+03
3.578951458335890948e+03
4.860271683023704099e+03
6.773131346539656079e+03
9.084821196399816472e+03
1.198009172597233191e+04
1.790495130147896271e+04
2.357386047662584679e+04
2.880431933124212810e+04
3.288973397128870420e+04
3.572938003072124411e+04
3.803318397108787030e+04
4.011828807424744446e+04
4.251815912487386231e+04
4.615020104229637218e+04
5.130445552248157037e+04
5.688910864688066795e+04
6.253794205492723268e+04
6.819496959997816884e+04
7.527232390174601460e+04
8.333547705302965187e+04
9.116436742163615418e+04
9.847867138977628201e+04
1.051401808715975494e+05
1.118408973325323313e+05
1.183059301761465176e+05
1.248351002217353234e+05
1.318915907680903329e+05
1.394710130167418392e+05
1.474839474085776310e+05
1.557981000066996494e+05
1.641354764369805052e+05
1.727187798232238856e+05
1.813751242274153628e+05
1.899797945424442005e+05
1.983828271131574293e+05
2.064360450863366132e+05
2.134660233490981336e+05
2.187308467667722434e+05
2.216656176837481325e+05
2.222079503744486137e+05
2.212636035180942854e+05
2.185277819614805630e+05
2.146472793783961388e+05
2.103215358995757706e+05
2.061698388737228524e+05
2.031690182161608536e+05
2.035426847704216489e+05
2.043361457061815599e+05
2.056046633548241516e+05
2.086852457217311312e+05
2.115693189941626624e+05
2.138824094135329651e+05
2.153996271100839076e+05
2.159025969330996450e+05
2.150888338332290004e+05
2.127440894830615434e+05
2.089228039392129576e+05
2.038885597883498122e+05
1.980571134383554454e+05
1.920216831224318303e+05
1.863217755443453498e+05
1.812403099111643678e+05
1.771076597736750555e+05
1.744527177569979685e+05
1.733314243317296496e+05
1.724885481434042158e+05
1.731869294454537157e+05
1.748306679445322661e+05
1.766566497259614698e+05
1.784725481362886785e+05
1.800234020825495245e+05
1.811140612511664513e+05
1.816253203285477648e+05
1.817369982741707354e+05
1.816987321268069209e+05
1.814372507991336752e+05
1.809558657791139558e+05
1.802648599730092683e+05
1.793369019259631750e+05
1.780913438795551192e+05
1.765418071822993807e+05
1.746961251148080919e+05
1.725851558314472495e+05
1.699127425092630147e+05
1.672962392613898846e+05
1.645920667637763254e+05
1.617932129232710577e+05
1.588708723067526880e+05
1.558699277640987420e+05
1.528844670834355929e+05
1.501016807627646485e+05
1.478654024258061545e+05
1.462002707888478180e+05
1.448460266584119818e+05
1.435056825984936440e+05
1.419982632985840028e+05
1.402367073480001709e+05
1.383654986681029550e+05
1.365413435028501844e+05
1.349684625343343068e+05
1.338523813679852465e+05
1.332971289455068763e+05
1.333118389165568515e+05
1.339278714727346960e+05
1.352457956982259639e+05
1.371970239671529853e+05
1.395459683201210864e+05
1.419929413580749533e+05
1.442065984988920100e+05
1.459260372898032656e+05
1.470407434393416625e+05
1.476656931013199210e+05
1.477579439617732132e+05
1.470012728784625651e+05
1.452507592441951565e+05
1.425250616832329542e+05
1.388528749348418205e+05
1.343967926569457049e+05
1.293844574051915552e+05
1.239542197642472456e+05
1.182121449168225663e+05
1.120721717519881640e+05
1.056349241496643081e+05
9.881995044820192561e+04
9.154834617387792969e+04
8.396691508449014509e+04
7.625940178143612866e+04
6.864117373148586194e+04
6.118807346250252158e+04
5.399165894144160848e+04
4.711893881469665939e+04
4.052619518127136689e+04
3.420511951344486442e+04
2.838250626840434779e+04
2.335757137120312109e+04
1.972912553298898638e+04
1.784422369776009509e+04
1.723510017192612213e+04
1.632957893794198753e+04
1.510629196964756738e+04
1.336651092059869188e+04
1.108162485534499865e+04
8.674749326572418795e+03
7.395884449401790334e+03
7.497460130027964624e+03
7.802599063146517437e+03
8.205807211352514059e+03
8.955431564973612694e+03
9.774191958701489057e+03
1.066228427297198868e+04
1.276053134730272905e+04
1.513533104438268492e+04
1.723827279072750389e+04
1.919156316808961492e+04
2.008898892558263833e+04
1.984073465748400486e+04
1.859887222536187983e+04
1.955457380939740324e+04
2.131793985961225553e+04
2.320549486180293025e+04
2.494642377983378174e+04
2.632518297406181227e+04
2.794628027577477042e+04
3.434086755872285721e+04
4.183823382808807219e+04
4.967339316200040776e+04
5.847808226988603565e+04
6.762357033697486622e+04
7.446335816927700944e+04
7.832020775901879824e+04
7.942128944168459566e+04
7.779712977796634368e+04
7.361469389396993211e+04
6.848984400648655719e+04
6.292191013095552626e+04
6.007075471240386833e+04
5.766714610576936684e+04
5.450115756053211226e+04
5.109955098284201085e+04
5.207588970505055477e+04
5.385431015239292174e+04
5.501785196173819713e+04
5.450862550728466158e+04
5.219447881453125592e+04
4.801656748924685962e+04
4.199060006017358683e+04
3.412386027945148817e+04
2.517305157221281843e+04
1.563621289283451188e+04
9.719750780061729529e+03
6.970069909613781419e+03
5.744755581215553320e+03
5.472541430312446209e+03
5.336931440549084073e+03
5.674047837367723332e+03
7.297463851104374953e+03
1.169986632950705280e+04
1.770012986130735953e+04
2.352105625119209799e+04
2.814736942944101975e+04
3.066955634379393814e+04
2.838197054481257874e+04
2.089362359070971070e+04
1.275126519410999026e+04
2.863820037264382336e+03
0.000000000000000000e+00
1.131983450646850997e+03
1.173515777694619101e+04
1.991824334881856339e+04
2.334788765854883604e+04
2.124717323439134634e+04
1.427468988591009111e+04
5.441800158500212092e+03
3.272503706193424478e+03
1.373762868216589231e+04
2.487097998136965543e+04
3.133830845570786187e+04
3.110839380671264371e+04
2.478317497237685529e+04
1.599062853124593676e+04
1.119677049391510627e+04
1.595713871370703600e+04
2.519160609742888846e+04
3.202818990475988903e+04
3.309965985144560545e+04
2.755803295640266879e+04
1.812180152746746171e+04
6.600693332031394675e+03
0.000000000000000000e+00
1.828488880919645453e+03
9.589137129154880313e+03
1.455561487756574388e+04
1.577477363543788488e+04
1.419051998457821537e+04
1.184149231045338274e+04
1.092212383016895365e+04
1.200267969264189196e+04
1.357737953390973598e+04
1.385692337893203330e+04
1.191391830778371514e+04
7.746653229459196154e+03
2.099886057616379730e+03
0.000000000000000000e+00
0.000000000000000000e+00
0.000000000000000000e+00
0.000000000000000000e+00
4.258844280593594931e+02
1.694891058714279950e+02
0.000000000000000000e+00
1.526473107384842649e+02
9.112894722679067172e+02
2.189052828760198736e+03
3.886944539787603844e+03
5.681726837060111393e+03
7.665848215356459150e+03
9.941478815395157653e+03
1.553969654462304970e+04
2.232604449510205450e+04
3.052278989248963626e+04
4.040304553689080785e+04
4.878638954027034197e+04
5.471111431454917329e+04
5.730547587449417915e+04
5.606037701307138195e+04
5.092418526620093326e+04
4.235280847872632148e+04
3.138652718623875262e+04
1.934877555456560003e+04
1.310598477749460108e+04
8.762009528647888146e+03
6.767217435673157524e+03
7.786181923281090349e+03
9.948714474120797604e+03
1.193437181860768760e+04
1.276547801292333497e+04
1.274944725534219106e+04
1.258317051122253361e+04
1.107105582746353866e+04
8.837994199370168644e+03
7.109572506056797465e+03
7.052774720581597649e+03
8.582881380609296684e+03
1.101655940340894267e+04
1.279340534854884208e+04
1.255639396904815840e+04
1.093107745493984294e+04
7.750012472121095925e+03
6.984617136140090224e+03
8.959081793635905342e+03
1.197597186233395405e+04
1.480407498702687917e+04
1.723458232495696211e+04
2.224908851083115587e+04
2.830876189764717492e+04
3.393338680097704491e+04
3.827873418580400175e+04
4.057342811499592062e+04
4.015508223004182946e+04
3.674116545888758992e+04
3.057397101243481302e+04
2.318585851656242085e+04
1.520571100940798715e+04
7.588045952478082654e+03
2.411660539725151921e+03
8.220139688907047457e+02
0.000000000000000000e+00
0.000000000000000000e+00
0.000000000000000000e+00
8.597739268022566250e+01
3.531829116932293005e+02
4.960080368459420583e+02
5.565217621102322454e+01
0.000000000000000000e+00
0.000000000000000000e+00
0.000000000000000000e+00
0.000000000000000000e+00
0.000000000000000000e+00
7.036405190504044640e+02
5.707811854190389568e+03
8.878441396316291502e+03
9.593257784247422023e+03
8.616864765513984821e+03
7.683548881844643802e+03
9.436871290541781491e+03
1.826393030877092315e+04
2.996668358268562588e+04
4.125435904940151522e+04
5.076120278103188321e+04
5.647437560961645795e+04
5.863466472044567490e+04
5.944630485927889822e+04
6.194182519130248693e+04
6.778901835251157172e+04
7.522703104049569811e+04
8.144893902266687655e+04
8.420440324966736080e+04
8.338913746265893860e+04
8.090175808876041265e+04
7.957985910549609980e+04
8.374194762211838679e+04
9.394705395486115594e+04
1.053331817473453557e+05
1.147874014540489443e+05
1.212640717266110296e+05
1.253956058871924033e+05
1.297249464881573367e+05
1.380034036575926293e+05
1.513735499807421584e+05
1.657072147991373204e+05
1.777355906637833978e+05
1.847691594314137765e+05
1.862891558708135854e+05
1.833178636436441739e+05
1.779512846725577838e+05
1.731741438676272810e+05
1.721451990106713201e+05
1.745258069743115338e+05
1.772258484193508048e+05
1.777434933143538074e+05
1.765783039622479118e+05
1.753994791124596668e+05
1.755024160857791430e+05
1.765406410771421215e+05
1.761440518380903231e+05
1.724682294732721348e+05
1.645825662268550077e+05
1.524598223023193714e+05
1.371190325015700946e+05
1.201269312429859419e+05
1.033452584299613518e+05
8.810092587261970039e+04
7.577530070876222453e+04
6.437961991781460529e+04
5.335490090793781565e+04
4.282846839003051718e+04
3.342913923212866212e+04
2.841324446222625193e+04
2.495835319156833066e+04
2.248495453641904896e+04
1.955312604350117181e+04
1.521616148285818417e+04
1.070619233443687699e+04
9.056484402411559131e+03
7.845325615675536937e+03
7.030883215765674322e+03
6.469778276998877118e+03
6.095740568662231453e+03
5.755178714082312581e+03
5.468355137319555070e+03
5.233080667527390688e+03
5.092706800941483380e+03
5.085187790332236546e+03
6.495298803243456859e+03
7.721645490037352829e+03
7.995713411991822795e+03
7.528297694921458969e+03
6.988205645678060137e+03
7.483231660695144456e+03
8.277676956498300569e+03
9.140818743436244404e+03
1.046058972058412473e+04
1.105447769594678175e+04
1.154884438879143272e+04
1.207816613963090276e+04
1.346883731559855914e+04
1.527350108104670471e+04
1.870960887423181703e+04
2.375394564048007669e+04
3.351530015891398216e+04
4.805392904647908290e+04
6.434159917120524187e+04
7.980013535837842210e+04
9.263600063976067759e+04
1.013169829877490120e+05
1.038797324566508905e+05
9.917379285035740759e+04
8.738977060293131217e+04
7.029111015300938743e+04
5.164813171746654552e+04
4.197916478662697773e+04
4.375801281096964522e+04
4.532407253509626753e+04
4.155982975180073845e+04
3.135816087357449578e+04
1.935470544640874868e+04
9.166341876230115304e+03
1.164542700480814165e+04
2.565477237111603972e+04
3.800072246200981317e+04
4.293795096546468267e+04
4.139160459485220781e+04
3.267722820187376419e+04
2.139457538817114255e+04
1.772320976757697645e+04
3.516042590798848687e+04
5.448368260874554107e+04
6.914774201415987045e+04
7.792420099934657628e+04
8.135896830300644797e+04
8.777895430342192412e+04
1.059417498223730945e+05
1.280132660192465119e+05
1.439187945812320686e+05
1.493382324871326855e+05
1.440889154843149590e+05
1.319842321402778034e+05
1.216827293889729481e+05
1.240095036266618263e+05
1.376611314170778205e+05
1.505609597224439785e+05
1.563479697227187862e+05
1.545714084271804604e+05
1.480391671387533424e+05
1.462149279241569457e+05
1.664486553593309363e+05
1.939280543513722951e+05
2.172337412692700746e+05
2.326985857521968719e+05
2.403340677296268987e+05
2.432229937233170494e+05
2.490222813975685858e+05
2.681573354933429509e+05
2.961608142372991424e+05
3.228149981604708591e+05
3.441473611467830488e+05
3.604935496939748991e+05
3.757675451920807245e+05
3.943228545298579847e+05
4.138628700337719056e+05
4.293669120539071737e+05
4.368365556087998557e+05
4.344495118510620669e+05
4.230099235429232358e+05
4.065158471208487754e+05
3.888949215025131707e+05
3.775272956788254669e+05
3.771510380089551909e+05
3.812578693220837740e+05
3.824571614070808282e+05
3.775322042841689545e+05
3.691950819383145426e+05
3.758328523862405564e+05
3.954107526214126847e+05
4.122473992794639780e+05
4.199758474263083772e+05
4.145988991093364311e+05
3.950697092548169312e+05
3.637909935965523473e+05
3.268589898996856064e+05
2.961142375541716465e+05
2.928151897555910400e+05
3.049483459175344906e+05
3.120424783552038134e+05
3.076880230873181717e+05
2.917923578547609504e+05
2.696714489200494136e+05
2.599860041498664068e+05
2.778092388138544629e+05
2.982490926754365209e+05
3.095860824682071689e+05
3.075505400124243461e+05
2.921770585789699107e+05
2.673262678815621766e+05
2.402793010317565931e+05
2.334313009106794198e+05
2.471240643005742168e+05
2.561252418053958390e+05
2.559516806168342591e+05
2.473632187599698373e+05
2.350042244277106074e+05
2.251673686186046689e+05
2.198293048873913940e+05
2.152680897601831821e+05
2.069021326690182032e+05
1.929119945522515627e+05
1.745064429310036357e+05
1.554926275567291013e+05
1.472534231800056004e+05
1.479241745981588901e+05
1.506502308976935456e+05
1.490075904493864218e+05
1.447727156865639554e+05
1.444363306582554360e+05
1.514907519288296462e+05
1.608905329681054282e+05
1.677981427038125403e+05
1.683212044459172757e+05
1.613026548869110120e+05
1.479731796250707121e+05
1.317497847702633007e+05
1.175281951283758681e+05
1.134149093445025210e+05
1.140202123678425414e+05
1.164513291211163742e+05
1.169151186423501204e+05
1.174124920154103165e+05
1.222610445874493889e+05
1.325589561397852667e+05
1.462564976784538885e+05
1.588350487656961195e+05
1.685888890297592443e+05
1.748737390093935828e+05
1.781830732902220334e+05
1.793227840152736171e+05
1.789691486066103098e+05
1.773575233150820713e+05
1.747203453960018524e+05
1.712770425229242828e+05
1.690223555037742772e+05
1.703518359160581313e+05
1.715543220346872986e+05
1.755770108404787024e+05
1.791105448224299180e+05
1.816311599041002628e+05
1.835078361737201922e+05
1.847636341724021186e+05
1.847904871161479969e+05
1.825397619040154095e+05
1.771162095730432193e+05
1.681443869548423099e+05
1.562140227296726080e+05
1.430042285561838362e+05
1.309674572458563634e+05
1.225735030708308768e+05
1.172602104364731349e+05
1.117393495114170655e+05
1.040728632183958107e+05
9.432015977338570519e+04
8.404245894881854474e+04
7.569794672331147012e+04
7.027436078299909423e+04
6.637000200927077094e+04
6.182335225337486918e+04
5.525509066396395792e+04
4.630522916942337906e+04
3.562751978088604665e+04
2.486673935724588591e+04
1.656255647339463758e+04
1.254181607780579907e+04
1.215991570912969109e+04
1.305423067927208103e+04
1.310961547967664592e+04
1.232263874711097924e+04
1.106041357926459568e+04
1.004540476858175498e+04
9.388425531155338831e+03
9.337493865413058302e+03
8.826167452946550839e+03
7.744571210766041077e+03
7.080861991907341690e+03
7.781278128555037256e+03
8.683899896960323531e+03
9.609662821766998604e+03
1.059835218033762249e+04
1.154497796077099338e+04
1.240668965966634460e+04
1.314788561519248287e+04
1.375210315678859479e+04
1.423277398447295855e+04
1.457211609739806045e+04
1.484155959056808024e+04
1.508783116890749989e+04
1.513394139138070568e+04
1.498958678898582548e+04
1.462351505804495355e+04
1.405843392766559919e+04
1.329995639119466614e+04
1.233407425766726737e+04
1.117837265163472694e+04
9.832783053030792871e+03
8.312816745538835676e+03
6.754537014446858848e+03
5.238948444342776384e+03
3.939677230794558000e+03
3.147740814390497690e+03
2.422458106468078313e+03
1.619591778216715966e+03
1.028710170747266602e+03
7.069450446160099091e+02
3.841100873168951466e+02
2.407490885810084080e+02
8.994800594981448683e+01
0.000000000000000000e+00
0.000000000000000000e+00
0.000000000000000000e+00
0.000000000000000000e+00
0.000000000000000000e+00
0.000000000000000000e+00
0.000000000000000000e+00
0.000000000000000000e+00
0.000000000000000000e+00
0.000000000000000000e+00
0.000000000000000000e+00
0.000000000000000000e+00
0.000000000000000000e+00
0.000000000000000000e+00
0.000000000000000000e+00
0.000000000000000000e+00
2.585760409369351009e+02
1.036909349838071876e+03
2.425281818935556203e+03
4.087555595797336537e+03
5.814177298760571830e+03
8.238628209455826436e+03
1.102603565568360318e+04
1.401830954521545027e+04
1.734003040154669361e+04
2.155413068073753675e+04
2.750506749651834252e+04
3.786267477207376214e+04
4.858731496662232530e+04
5.821152302088464057e+04
6.638506415438263502e+04
7.226388554029668740e+04
7.580764226640397101e+04
7.789508401367360784e+04
7.856616020930414379e+04
7.901107306296666502e+04
7.966770229747625126e+04
7.873311054613730812e+04
7.614137865655445785e+04
7.183729372998386680e+04
6.580050872113522200e+04
5.819056544368877076e+04
5.102341812784618378e+04
4.318398976801232493e+04
3.707009471513701283e+04
3.241312016049405065e+04
2.787051247677052379e+04
2.417934558439693137e+04
2.124035687538669663e+04
1.862757669677048034e+04
1.525210096332905414e+04
1.126042612927177288e+04
8.394116224946414150e+03
5.513010822309449395e+03
2.814919253503821437e+03
2.547996283396203580e+03
1.636690133695123222e+03
2.264021980394273214e+03
5.582333141008445637e+03
1.299733634272077325e+04
2.284816261922623380e+04
3.881498837047803681e+04
5.491856182635761070e+04
6.844982085697524599e+04
8.000833814671832079e+04
9.031006129641625739e+04
1.027001040054227487e+05
1.129890111323686142e+05
1.182267649410270242e+05
1.156872784655997966e+05
1.049632335010384122e+05
8.799308197674030089e+04
7.466308137782169797e+04
6.725059343725259532e+04
8.037105070137875737e+04
1.069460946162437322e+05
1.324335826989674824e+05
1.541371451152654481e+05
1.716457732232251146e+05
1.916640297557665617e+05
2.257455272028381587e+05
2.711273841150009539e+05
3.132364292032693629e+05
3.409603659007294918e+05
3.498597549705939018e+05
3.404461594037008472e+05
3.195171964782826835e+05
2.952502084044432268e+05
2.982938088894795510e+05
3.259997454808574403e+05
3.452597379612283548e+05
3.507666252335790778e+05
3.448639883609986864e+05
3.478128662877932657e+05
3.763591572787474724e+05
4.049455447714809561e+05
4.204276632901971461e+05
4.173889550476236618e+05
3.946252308619572432e+05
3.578247304297095397e+05
3.182761642968432279e+05
3.018666321201912942e+05
3.071136818037010380e+05
3.062428514157246682e+05
2.901425729435916292e+05
2.590760032273115939e+05
2.207245896774887224e+05
1.977403476268789382e+05
2.024353058514810982e+05
2.095741045388398052e+05
2.054862469058621791e+05
1.846274443573983153e+05
1.483150702029175009e+05
1.033678483628280519e+05
7.041781922485609539e+04
7.779267315973876975e+04
9.296812814918832737e+04
9.927914153588941554e+04
9.340588668186395080e+04
7.817811372427734022e+04
5.934895661728862615e+04
4.798414598554142867e+04
5.020166715440278494e+04
5.668428564450077829e+04
6.026176758031149802e+04
5.686142309895397921e+04
4.958677236437478859e+04
5.079297108755911904e+04
6.605032687783846632e+04
8.271463844968273770e+04
9.522950681944345706e+04
1.012765715598035458e+05
1.019626177974990569e+05
1.003797737474507012e+05
9.991243252101690450e+04
1.010247944152312120e+05
1.013224076878137421e+05
9.816882833738846239e+04
9.214675530097776209e+04
8.768072159158246359e+04
8.866840363819243794e+04
9.237809360984244267e+04
9.464810513044965046e+04
